{
  "asset": {
    "version": "2.0",
    "generator": "THREE.JS GLTFExporter"
  },
  "scenes": [
    {
      "nodes": [
        73
      ],
      "name": "AuxScene"
    }
  ],
  "scene": 0,
  "nodes": [
    {
      "matrix": [
        1,
        0,
        0,
        0,
        0,
        -2.220446049250313e-16,
        1.0000000000000002,
        0,
        0,
        -1.0000000000000002,
        -2.220446049250313e-16,
        0,
        0,
        7,
        0,
        1
      ]
    },
    {
      "matrix": [
        1,
        0,
        0,
        0,
        0,
        1,
        0,
        0,
        0,
        0,
        1,
        0,
        0,
        6,
        0,
        1
      ]
    },
    {
      "matrix": [
        1,
        0,
        0,
        0,
        0,
        -2.220446049250313e-16,
        1.0000000000000002,
        0,
        0,
        -1.0000000000000002,
        -2.220446049250313e-16,
        0,
        0,
        -7,
        0,
        1
      ]
    },
    {
      "matrix": [
        1,
        0,
        0,
        0,
        0,
        1,
        0,
        0,
        0,
        0,
        1,
        0,
        0,
        -6,
        0,
        1
      ]
    },
    {},
    {
      "children": [
        0,
        1,
        2,
        3,
        4
      ]
    },
    {
      "matrix": [
        1,
        0,
        0,
        0,
        0,
        -2.220446049250313e-16,
        1.0000000000000002,
        0,
        0,
        -1.0000000000000002,
        -2.220446049250313e-16,
        0,
        0,
        7,
        0,
        1
      ]
    },
    {
      "matrix": [
        1,
        0,
        0,
        0,
        0,
        1,
        0,
        0,
        0,
        0,
        1,
        0,
        0,
        6,
        0,
        1
      ]
    },
    {
      "matrix": [
        0.8718699505861558,
        0.46369158880460243,
        0.15758457962871164,
        0,
        -0.41772573181909506,
        0.8720770428233049,
        -0.2549251740349728,
        0,
        -0.2556325531717268,
        0.15643446504023084,
        0.9540336765054371,
        0,
        0,
        0,
        0,
        1
      ],
      "children": [
        6,
        7
      ]
    },
    {
      "matrix": [
        1,
        0,
        0,
        0,
        0,
        -2.220446049250313e-16,
        1.0000000000000002,
        0,
        0,
        -1.0000000000000002,
        -2.220446049250313e-16,
        0,
        0,
        7,
        0,
        1
      ]
    },
    {
      "matrix": [
        1,
        0,
        0,
        0,
        0,
        1,
        0,
        0,
        0,
        0,
        1,
        0,
        0,
        6,
        0,
        1
      ]
    },
    {
      "matrix": [
        0.4320530129862018,
        0.8986571556125089,
        -0.07579914667052605,
        0,
        -0.8775625842261425,
        0.4383043807401231,
        0.1943532366346175,
        0,
        0.2078800248602049,
        -0.017452406437283505,
        0.9779986241164496,
        0,
        0,
        0,
        0,
        1
      ],
      "children": [
        9,
        10
      ]
    },
    {
      "matrix": [
        1,
        0,
        0,
        0,
        0,
        -2.220446049250313e-16,
        1.0000000000000002,
        0,
        0,
        -1.0000000000000002,
        -2.220446049250313e-16,
        0,
        0,
        7,
        0,
        1
      ]
    },
    {
      "matrix": [
        1,
        0,
        0,
        0,
        0,
        1,
        0,
        0,
        0,
        0,
        1,
        0,
        0,
        6,
        0,
        1
      ]
    },
    {
      "matrix": [
        -0.4675728709120641,
        0.8817375438693811,
        -0.06256607801550007,
        0,
        -0.8832672141621984,
        -0.468828168325377,
        -0.0062591509664641845,
        0,
        -0.03485166815518733,
        0.052335956242943835,
        0.9980211966240684,
        0,
        0,
        0,
        0,
        1
      ],
      "children": [
        12,
        13
      ]
    },
    {
      "matrix": [
        1,
        0,
        0,
        0,
        0,
        -2.220446049250313e-16,
        1.0000000000000002,
        0,
        0,
        -1.0000000000000002,
        -2.220446049250313e-16,
        0,
        0,
        7,
        0,
        1
      ]
    },
    {
      "matrix": [
        1,
        0,
        0,
        0,
        0,
        1,
        0,
        0,
        0,
        0,
        1,
        0,
        0,
        6,
        0,
        1
      ]
    },
    {
      "matrix": [
        -0.7949737358652678,
        0.5805486404630471,
        0.17601146366338344,
        0,
        -0.597794231143268,
        -0.7990566526874574,
        -0.064424552833098,
        0,
        0.10324154442978845,
        -0.15643446504023084,
        0.9822776805218211,
        0,
        0,
        0,
        0,
        1
      ],
      "children": [
        15,
        16
      ]
    },
    {
      "matrix": [
        0.9902680687415704,
        0,
        -0.13917310096006544,
        0,
        0,
        1,
        0,
        0,
        0.13917310096006544,
        0,
        0.9902680687415704,
        0,
        0,
        0,
        0,
        1
      ],
      "children": [
        8,
        11,
        14,
        17
      ]
    },
    {
      "matrix": [
        1,
        0,
        0,
        0,
        0,
        -2.220446049250313e-16,
        1.0000000000000002,
        0,
        0,
        -1.0000000000000002,
        -2.220446049250313e-16,
        0,
        0,
        7,
        0,
        1
      ]
    },
    {
      "matrix": [
        1,
        0,
        0,
        0,
        0,
        1,
        0,
        0,
        0,
        0,
        1,
        0,
        0,
        6,
        0,
        1
      ]
    },
    {
      "matrix": [
        0.8682887347592699,
        0.46940005999294204,
        -0.16043147063082305,
        0,
        -0.45790576517514253,
        0.8828131156638818,
        0.10470584048273962,
        0,
        0.19077993424234482,
        -0.01745240643728351,
        0.9814776768730068,
        0,
        0,
        0,
        0,
        1
      ],
      "children": [
        19,
        20
      ]
    },
    {
      "matrix": [
        1,
        0,
        0,
        0,
        0,
        -2.220446049250313e-16,
        1.0000000000000002,
        0,
        0,
        -1.0000000000000002,
        -2.220446049250313e-16,
        0,
        0,
        7,
        0,
        1
      ]
    },
    {
      "matrix": [
        1,
        0,
        0,
        0,
        0,
        1,
        0,
        0,
        0,
        0,
        1,
        0,
        0,
        6,
        0,
        1
      ]
    },
    {
      "matrix": [
        0.24801971796789923,
        0.9671072580770907,
        0.05647805656832437,
        0,
        -0.9340737796934755,
        0.22327430329666098,
        0.2786660359220964,
        0,
        0.2568898471879887,
        -0.12186934340514745,
        0.9587259616541789,
        0,
        0,
        0,
        0,
        1
      ],
      "children": [
        22,
        23
      ]
    },
    {
      "matrix": [
        1,
        0,
        0,
        0,
        0,
        -2.220446049250313e-16,
        1.0000000000000002,
        0,
        0,
        -1.0000000000000002,
        -2.220446049250313e-16,
        0,
        0,
        7,
        0,
        1
      ]
    },
    {
      "matrix": [
        1,
        0,
        0,
        0,
        0,
        1,
        0,
        0,
        0,
        0,
        1,
        0,
        0,
        6,
        0,
        1
      ]
    },
    {
      "matrix": [
        -0.23657542306442791,
        0.9689659697053497,
        0.07167299878516517,
        0,
        -0.9677069555850255,
        -0.24159035004964102,
        0.0719538107069631,
        0,
        0.08703629883128322,
        -0.052335956242943835,
        0.994829447880333,
        0,
        0,
        0,
        0,
        1
      ],
      "children": [
        25,
        26
      ]
    },
    {
      "matrix": [
        1,
        0,
        0,
        0,
        0,
        -2.220446049250313e-16,
        1.0000000000000002,
        0,
        0,
        -1.0000000000000002,
        -2.220446049250313e-16,
        0,
        0,
        7,
        0,
        1
      ]
    },
    {
      "matrix": [
        1,
        0,
        0,
        0,
        0,
        1,
        0,
        0,
        0,
        0,
        1,
        0,
        0,
        6,
        0,
        1
      ]
    },
    {
      "matrix": [
        -0.7290816055103297,
        0.6654650388849337,
        -0.15998841998205,
        0,
        -0.6736097928747842,
        -0.7390738003669024,
        -0.004445734406576397,
        0,
        -0.12120173039057425,
        0.10452846326765347,
        0.9871088799708132,
        0,
        0,
        0,
        0,
        1
      ],
      "children": [
        28,
        29
      ]
    },
    {
      "matrix": [
        0.2079116908177595,
        0,
        -0.9781476007338056,
        0,
        0,
        1,
        0,
        0,
        0.9781476007338056,
        0,
        0.2079116908177595,
        0,
        0,
        0,
        0,
        1
      ],
      "children": [
        21,
        24,
        27,
        30
      ]
    },
    {
      "matrix": [
        1,
        0,
        0,
        0,
        0,
        -2.220446049250313e-16,
        1.0000000000000002,
        0,
        0,
        -1.0000000000000002,
        -2.220446049250313e-16,
        0,
        0,
        7,
        0,
        1
      ]
    },
    {
      "matrix": [
        1,
        0,
        0,
        0,
        0,
        1,
        0,
        0,
        0,
        0,
        1,
        0,
        0,
        6,
        0,
        1
      ]
    },
    {
      "matrix": [
        0.8947662839693081,
        0.43510359473609195,
        -0.10039003396496168,
        0,
        -0.4435030163772954,
        0.8920945717723704,
        -0.08644275260836821,
        0,
        0.05194585196140253,
        0.12186934340514748,
        0.9911859016360162,
        0,
        0,
        0,
        0,
        1
      ],
      "children": [
        32,
        33
      ]
    },
    {
      "matrix": [
        1,
        0,
        0,
        0,
        0,
        -2.220446049250313e-16,
        1.0000000000000002,
        0,
        0,
        -1.0000000000000002,
        -2.220446049250313e-16,
        0,
        0,
        7,
        0,
        1
      ]
    },
    {
      "matrix": [
        1,
        0,
        0,
        0,
        0,
        1,
        0,
        0,
        0,
        0,
        1,
        0,
        0,
        6,
        0,
        1
      ]
    },
    {
      "matrix": [
        0.25,
        0.9659258262890682,
        -0.06698729810778066,
        0,
        -0.9330127018922192,
        0.25881904510252085,
        0.24999999999999994,
        0,
        0.25881904510252074,
        0,
        0.9659258262890683,
        0,
        0,
        0,
        0,
        1
      ],
      "children": [
        35,
        36
      ]
    },
    {
      "matrix": [
        1,
        0,
        0,
        0,
        0,
        -2.220446049250313e-16,
        1.0000000000000002,
        0,
        0,
        -1.0000000000000002,
        -2.220446049250313e-16,
        0,
        0,
        7,
        0,
        1
      ]
    },
    {
      "matrix": [
        1,
        0,
        0,
        0,
        0,
        1,
        0,
        0,
        0,
        0,
        1,
        0,
        0,
        6,
        0,
        1
      ]
    },
    {
      "matrix": [
        -0.32158512719014,
        0.9458465291882034,
        0.0442419392966787,
        0,
        -0.9309988085896659,
        -0.3073241669467801,
        -0.19695957660162391,
        0,
        -0.17269691478056226,
        -0.1045284632676535,
        0.9794128730990715,
        0,
        0,
        0,
        0,
        1
      ],
      "children": [
        38,
        39
      ]
    },
    {
      "matrix": [
        1,
        0,
        0,
        0,
        0,
        -2.220446049250313e-16,
        1.0000000000000002,
        0,
        0,
        -1.0000000000000002,
        -2.220446049250313e-16,
        0,
        0,
        7,
        0,
        1
      ]
    },
    {
      "matrix": [
        1,
        0,
        0,
        0,
        0,
        1,
        0,
        0,
        0,
        0,
        1,
        0,
        0,
        6,
        0,
        1
      ]
    },
    {
      "matrix": [
        -0.882947592858927,
        0.4676850817521504,
        0.04091714275350815,
        0,
        -0.46947156278589075,
        -0.8795877106989323,
        -0.07695395326287667,
        0,
        -3.469446951953614e-18,
        -0.08715574274765818,
        0.9961946980917455,
        0,
        0,
        0,
        0,
        1
      ],
      "children": [
        41,
        42
      ]
    },
    {
      "matrix": [
        -0.7771459614569709,
        0,
        -0.6293203910498374,
        0,
        0,
        1,
        0,
        0,
        0.6293203910498374,
        0,
        -0.7771459614569709,
        0,
        0,
        0,
        0,
        1
      ],
      "children": [
        34,
        37,
        40,
        43
      ]
    },
    {
      "matrix": [
        1,
        0,
        0,
        0,
        0,
        -2.220446049250313e-16,
        1.0000000000000002,
        0,
        0,
        -1.0000000000000002,
        -2.220446049250313e-16,
        0,
        0,
        7,
        0,
        1
      ]
    },
    {
      "matrix": [
        1,
        0,
        0,
        0,
        0,
        1,
        0,
        0,
        0,
        0,
        1,
        0,
        0,
        6,
        0,
        1
      ]
    },
    {
      "matrix": [
        0.8078212948420367,
        0.5834039901544176,
        -0.08405081719792734,
        0,
        -0.5581732890079903,
        0.8029867043792832,
        0.20893762712374206,
        0,
        0.18938673405953627,
        -0.12186934340514746,
        0.9743102832774889,
        0,
        0,
        0,
        0,
        1
      ],
      "children": [
        45,
        46
      ]
    },
    {
      "matrix": [
        1,
        0,
        0,
        0,
        0,
        -2.220446049250313e-16,
        1.0000000000000002,
        0,
        0,
        -1.0000000000000002,
        -2.220446049250313e-16,
        0,
        0,
        7,
        0,
        1
      ]
    },
    {
      "matrix": [
        1,
        0,
        0,
        0,
        0,
        1,
        0,
        0,
        0,
        0,
        1,
        0,
        0,
        6,
        0,
        1
      ]
    },
    {
      "matrix": [
        0.3249426722063192,
        0.9449425912301187,
        -0.038675044392031135,
        0,
        -0.9455728656574572,
        0.3253698271340185,
        0.005141140255166491,
        0,
        0.017441774902830158,
        0.034899496702500976,
        0.9992386149554826,
        0,
        0,
        0,
        0,
        1
      ],
      "children": [
        48,
        49
      ]
    },
    {
      "matrix": [
        1,
        0,
        0,
        0,
        0,
        -2.220446049250313e-16,
        1.0000000000000002,
        0,
        0,
        -1.0000000000000002,
        -2.220446049250313e-16,
        0,
        0,
        7,
        0,
        1
      ]
    },
    {
      "matrix": [
        1,
        0,
        0,
        0,
        0,
        1,
        0,
        0,
        0,
        0,
        1,
        0,
        0,
        6,
        0,
        1
      ]
    },
    {
      "matrix": [
        -0.2896609448683207,
        0.9458465291882032,
        0.14652945178571086,
        0,
        -0.9444004332392153,
        -0.30732416694677966,
        0.11687462559533711,
        0,
        0.1555775006727323,
        -0.10452846326765348,
        0.9822776805218211,
        0,
        0,
        0,
        0,
        1
      ],
      "children": [
        51,
        52
      ]
    },
    {
      "matrix": [
        1,
        0,
        0,
        0,
        0,
        -2.220446049250313e-16,
        1.0000000000000002,
        0,
        0,
        -1.0000000000000002,
        -2.220446049250313e-16,
        0,
        0,
        7,
        0,
        1
      ]
    },
    {
      "matrix": [
        1,
        0,
        0,
        0,
        0,
        1,
        0,
        0,
        0,
        0,
        1,
        0,
        0,
        6,
        0,
        1
      ]
    },
    {
      "matrix": [
        -0.8675738446067549,
        0.49726094768413664,
        -0.006868337683053529,
        0,
        -0.49457709133238215,
        -0.8612812260087741,
        0.11656822231647629,
        0,
        0.052049254398643524,
        0.10452846326765347,
        0.9931589376748557,
        0,
        0,
        0,
        0,
        1
      ],
      "children": [
        54,
        55
      ]
    },
    {
      "matrix": [
        -0.8746197071393957,
        0,
        0.48480962024633695,
        0,
        0,
        1,
        0,
        0,
        -0.48480962024633695,
        0,
        -0.8746197071393957,
        0,
        0,
        0,
        0,
        1
      ],
      "children": [
        47,
        50,
        53,
        56
      ]
    },
    {
      "matrix": [
        1,
        0,
        0,
        0,
        0,
        -2.220446049250313e-16,
        1.0000000000000002,
        0,
        0,
        -1.0000000000000002,
        -2.220446049250313e-16,
        0,
        0,
        7,
        0,
        1
      ]
    },
    {
      "matrix": [
        1,
        0,
        0,
        0,
        0,
        1,
        0,
        0,
        0,
        0,
        1,
        0,
        0,
        6,
        0,
        1
      ]
    },
    {
      "matrix": [
        0.7974227347254037,
        0.6017233638090658,
        0.04523246167699807,
        0,
        -0.5993767584927174,
        0.7985138739908346,
        -0.0558846528387912,
        0,
        -0.069745849495301,
        0.01745240643728351,
        0.9974121164231597,
        0,
        0,
        0,
        0,
        1
      ],
      "children": [
        58,
        59
      ]
    },
    {
      "matrix": [
        1,
        0,
        0,
        0,
        0,
        -2.220446049250313e-16,
        1.0000000000000002,
        0,
        0,
        -1.0000000000000002,
        -2.220446049250313e-16,
        0,
        0,
        7,
        0,
        1
      ]
    },
    {
      "matrix": [
        1,
        0,
        0,
        0,
        0,
        1,
        0,
        0,
        0,
        0,
        1,
        0,
        0,
        6,
        0,
        1
      ]
    },
    {
      "matrix": [
        0.13945513302387957,
        0.9774671453588043,
        0.15846212676031318,
        0,
        -0.9606743993092549,
        0.1723538304828407,
        -0.21771278242145936,
        0,
        -0.2401186464752238,
        -0.12186934340514745,
        0.9630632890692619,
        0,
        0,
        0,
        0,
        1
      ],
      "children": [
        61,
        62
      ]
    },
    {
      "matrix": [
        1,
        0,
        0,
        0,
        0,
        -2.220446049250313e-16,
        1.0000000000000002,
        0,
        0,
        -1.0000000000000002,
        -2.220446049250313e-16,
        0,
        0,
        7,
        0,
        1
      ]
    },
    {
      "matrix": [
        1,
        0,
        0,
        0,
        0,
        1,
        0,
        0,
        0,
        0,
        1,
        0,
        0,
        6,
        0,
        1
      ]
    },
    {
      "matrix": [
        -0.35136345196024066,
        0.9361168066628592,
        0.015134361893221801,
        0,
        -0.9167399915605884,
        -0.34071865342161023,
        -0.20856314891192348,
        0,
        -0.19008290954232632,
        -0.08715574274765817,
        0.9778917956532961,
        0,
        0,
        0,
        0,
        1
      ],
      "children": [
        64,
        65
      ]
    },
    {
      "matrix": [
        1,
        0,
        0,
        0,
        0,
        -2.220446049250313e-16,
        1.0000000000000002,
        0,
        0,
        -1.0000000000000002,
        -2.220446049250313e-16,
        0,
        0,
        7,
        0,
        1
      ]
    },
    {
      "matrix": [
        1,
        0,
        0,
        0,
        0,
        1,
        0,
        0,
        0,
        0,
        1,
        0,
        0,
        6,
        0,
        1
      ]
    },
    {
      "matrix": [
        -0.6498045816655442,
        0.7123392348503027,
        -0.2651920438839591,
        0,
        -0.7213608008553526,
        -0.6878980029495971,
        -0.08021803118551182,
        0,
        -0.23956752834178274,
        0.13917310096006544,
        0.9608528749675304,
        0,
        0,
        0,
        0,
        1
      ],
      "children": [
        67,
        68
      ]
    },
    {
      "matrix": [
        0.4383711467890775,
        0,
        0.8987940462991669,
        0,
        0,
        1,
        0,
        0,
        -0.8987940462991669,
        0,
        0.4383711467890775,
        0,
        0,
        0,
        0,
        1
      ],
      "children": [
        60,
        63,
        66,
        69
      ]
    },
    {
      "mesh": 0
    },
    {
      "matrix": [
        0.046103275434005594,
        -0.10417218253655552,
        0.03771795831996703,
        0,
        0.05836849361031074,
        -0.011885930305771888,
        -0.10417218253655552,
        0,
        0.09416797198580486,
        0.05836849361031074,
        0.046103275434005594,
        0,
        0,
        0,
        0,
        1
      ],
      "children": [
        5,
        18,
        31,
        44,
        57,
        70,
        71
      ]
    },
    {
      "children": [
        72
      ]
    }
  ],
  "meshes": [
    {
      "primitives": [
        {
          "mode": 4,
          "attributes": {
            "POSITION": 0,
            "NORMAL": 1,
            "COLOR_0": 2,
            "TEXCOORD_0": 3
          },
          "material": 0
        }
      ]
    }
  ],
  "materials": [
    {
      "pbrMetallicRoughness": {
        "metallicFactor": 0,
        "roughnessFactor": 0.5
      },
      "alphaMode": "MASK",
      "alphaCutoff": 0
    }
  ],
  "accessors": [
    {
      "bufferView": 0,
      "componentType": 5126,
      "count": 21816,
      "max": [
        6.800955772399902,
        7.346410274505615,
        7.29937219619751
      ],
      "min": [
        -6.762304782867432,
        -7.346410274505615,
        -7.242948532104492
      ],
      "type": "VEC3"
    },
    {
      "bufferView": 1,
      "componentType": 5126,
      "count": 21816,
      "max": [
        1,
        1,
        1
      ],
      "min": [
        -1,
        -1,
        -1
      ],
      "type": "VEC3"
    },
    {
      "bufferView": 2,
      "componentType": 5126,
      "count": 21816,
      "max": [
        1,
        0.49803921580314636,
        0.9333333373069763
      ],
      "min": [
        0.48235294222831726,
        0.08235294371843338,
        0.3137255012989044
      ],
      "type": "VEC3"
    },
    {
      "bufferView": 3,
      "componentType": 5126,
      "count": 21816,
      "max": [
        1,
        1
      ],
      "min": [
        0,
        0
      ],
      "type": "VEC2"
    }
  ],
  "bufferViews": [
    {
      "buffer": 0,
      "byteOffset": 0,
      "byteLength": 261792,
      "byteStride": 12,
      "target": 34962
    },
    {
      "buffer": 0,
      "byteOffset": 261792,
      "byteLength": 261792,
      "byteStride": 12,
      "target": 34962
    },
    {
      "buffer": 0,
      "byteOffset": 523584,
      "byteLength": 261792,
      "byteStride": 12,
      "target": 34962
    },
    {
      "buffer": 0,
      "byteOffset": 785376,
      "byteLength": 174528,
      "byteStride": 8,
      "target": 34962
    }
  ],
  "buffers": [
    {
      "byteLength": 959904,
